100
51 1
61 0
165 0
58 1
142 1
44 0
144 1
136 1
164 1
94 1
193 0
22 1
199 1
152 0
86 1
55 1
95 0
191 1
197 1
190 1
183 1
135 1
182 1
198 0
121 1
86 0
86 0
87 1
200 1
173 1
21 1
26 1
165 0
112 1
197 1
113 0
33 1
92 0
98 1
134 1
34 0
111 1
193 0
189 1
182 0
81 0
143 1
134 1
30 0
162 0
23 1
132 0
191 1
174 0
98 1
58 0
170 1
23 1
27 1
45 0
59 1
121 0
81 0
43 0
38 1
96 0
151 0
124 1
129 0
41 1
41 0
94 1
191 1
191 1
155 0
127 0
106 1
154 0
147 0
25 1
162 1
132 1
161 0
61 1
34 0
30 0
128 0
29 1
161 0
44 0
33 1
23 1
193 0
91 0
166 1
90 0
184 1
98 0
92 1
178 0